176 201 60
264 257 56
257 268 56
263 265 56
267 270 56
262 277 56
264 283 56
176 201 60
264 257 56
137 257 49
177 177 86
171 228 86
235 228 58
139 228 64
256 279 64
186 294 64
180 243 64
150 302 64
154 309 64
164 314 64
162 132 64
165 126 64
195 317 64
68 317 31
186 317 58
97 177 86
177 97 86
196 113 86
191 100 86
137 50 86
141 41 86
145 60 86
143 81 86
147 107 86
137 127 86
170 151 86
182 167 86
191 175 86
181 97 86
160 47 86
142 82 86
140 112 86
119 142 86
117 161 86
165 161 116
160 161 145
177 161 84
180 161 69
170 161 25
162 161 13
167 161 32
163 161 61
165 161 90
168 161 101
170 161 111
174 161 128
176 161 143
176 160 143
176 159 143
176 157 143
176 143 143
176 143 78
176 143 68
169 143 106
166 143 37
179 143 117
176 143 102
179 143 113
177 143 108
179 143 160
181 143 91
177 143 102
186 143 158
181 143 106
190 143 158
27 97 86
27 109 86
27 112 86
27 113 86
27 114 86
177 97 27
219 84 27
219 84 15
219 84 14
219 84 13
60 2 13
45 4 13
32 4 13
40 6 13
71 8 13
150 9 13
185 12 13
213 14 13
232 16 13
243 17 13
255 18 13
27 97 86
27 122 86
27 121 86
27 120 86
27 119 86
27 118 86
27 117 86
27 116 86
27 115 86
27 114 86
27 113 86
27 54 86
27 53 86
27 52 86
27 55 86
27 56 86
27 57 86
27 59 86
27 75 86
27 81 140
27 80 144
27 79 136
27 77 88
27 73 46
27 71 2
27 72 168
27 74 12
27 76 131
177 97 61
248 123 61
309 112 61
314 96 61
291 72 61
180 55 61
98 50 61
70 54 61
68 57 61
48 81 61
58 134 61
29 163 61
68 173 61
120 171 61
130 171 30
148 171 56
151 171 63
154 171 71
156 171 76
159 171 82
163 171 98
165 171 101
167 171 105
176 171 84
183 171 68
185 171 61
189 171 48
194 171 36
197 171 14
199 171 9
177 97 61
189 97 92
192 97 102
195 97 80
197 97 55
200 97 23
177 97 65
45 25 17
45 25 22
45 25 23
45 25 24
45 25 25
45 25 26
45 25 27
45 25 28
45 25 29
45 25 29
52 15 29
28 17 29
18 19 29
46 19 11
56 19 12
89 49 33
80 75 98
80 177 119
132 177 78
116 177 67
103 177 50
88 177 45
71 177 67
78 177 79
88 177 67
109 177 63
149 177 71
149 42 88
149 75 90
149 81 85
80 75 98
41 49 41
47 49 30
57 49 35
55 49 34
45 49 32
36 49 34
30 49 35
41 49 41
12 49 44
81 97 81
81 133 52
81 140 64
81 98 67
81 92 69
81 140 81
81 107 90
81 82 73
81 79 50
81 82 41
81 90 43
81 97 81
41 49 41
41 49 41
81 97 81
81 97 81
193 225 177
308 225 125
262 225 107
165 225 140
131 225 183
142 225 222
216 225 200
216 99 141
97 113 89
167 151 79
288 225 79
274 225 76
281 225 88
284 225 98
281 225 87
167 151 79
167 151 79
218 245 79
272 245 62
290 245 81
276 245 56
247 245 40
261 245 61
263 245 106
279 245 84
281 245 81
277 245 60
274 245 52
269 245 22
266 245 32
265 245 32
264 245 32
263 245 32
262 245 32
261 245 32
261 245 32
260 245 32
258 245 32
247 245 32
247 244 32
247 243 32
247 242 32
247 241 32
247 239 32
247 223 32
247 223 33
247 223 34
247 223 35
247 223 36
247 223 37
247 223 38
247 223 40
247 223 43
247 223 44
247 223 45
247 223 46
247 223 47
247 223 48
247 223 54
247 223 55
247 223 56
247 223 57
247 223 58
247 223 59
247 223 59
247 223 60
247 223 62
247 223 62
247 223 61
247 223 63
247 223 63
247 223 63
247 223 63
247 223 63
247 223 64
247 223 65
247 223 67
247 223 66
247 223 69
247 223 67
247 223 71
247 223 68
247 223 72
247 223 70
247 223 73
247 223 70
247 223 73
247 223 73
247 223 73
247 223 73
247 223 74
247 223 75
247 223 76
247 223 76
247 223 78
247 223 78
247 223 79
247 223 80
247 223 81
247 223 82
247 223 83
247 223 84
247 223 85
247 223 86
247 223 85
247 223 86
247 223 87
247 223 88
247 223 89
247 223 90
247 223 91
247 223 92
247 223 93
247 223 94
247 223 95
247 223 95
247 223 96
247 223 97
247 223 99
247 223 97
247 223 99
247 223 100
247 223 101
247 223 101
247 223 101
247 223 101
247 223 101
247 223 103
247 223 104
247 223 103
247 223 103
247 223 104
247 223 106
247 223 107
247 223 107
247 223 107
247 223 108
247 223 107
247 223 107
247 223 109
247 223 110
247 223 109
247 223 109
247 223 111
247 223 112
247 223 111
247 223 111
247 223 113
247 223 114
247 223 114
247 223 113
247 223 114
247 223 114
247 223 115
247 223 114
247 223 115
247 223 116
247 223 115
247 223 116
247 223 118
247 223 118
247 223 118
247 223 118
247 223 119
247 223 120
247 223 119
247 223 120
247 223 120
247 223 122
247 223 123
247 223 122
247 223 123
247 223 124
247 223 125
247 223 124
247 223 125
247 223 125
247 223 125
247 223 126
247 223 127
247 223 126
247 223 127
247 223 128
247 223 127
247 223 128
247 223 128
247 223 129
247 223 131
247 223 129
247 223 131
247 223 132
247 223 133
247 223 134
247 223 133
247 223 134
247 223 136
247 223 137
247 223 136
247 223 137
247 223 138
247 223 139
247 223 139
247 223 139
247 223 140
247 223 140
247 223 141
247 223 140
247 223 141
247 223 142
247 223 143
247 223 142
247 223 145
247 223 146
247 223 147
247 223 147
247 223 148
247 223 148
247 223 148
247 223 148
247 223 150
247 223 150
247 223 151
247 223 152
247 223 152
247 223 152
247 223 154
247 223 155
247 223 154
247 223 155
247 223 155
247 223 155
247 223 155
247 223 154
247 223 153
247 223 152
247 223 152
247 223 152
247 223 151
247 223 150
247 223 149
247 223 149
247 223 149
247 223 148
247 223 147
247 223 147
247 223 146
247 223 145
247 223 144
247 223 144
247 223 143
247 223 143
247 223 142
247 223 141
247 223 141
247 223 140
247 223 140
247 223 139
247 223 139
247 223 139
247 223 137
247 223 136
247 223 136
247 223 135
247 223 136
247 223 135
247 223 134
247 223 133
247 223 134
247 223 123
247 223 122
247 223 122
247 223 121
247 223 120
247 223 120
247 223 119
247 223 119
247 223 119
247 223 119
247 223 118
247 223 117
247 223 118
247 223 117
247 223 116
247 223 114
247 223 114
247 223 112
247 223 110
247 223 110
247 223 109
247 223 108
247 223 108
247 223 108
247 223 107
247 223 106
247 223 107
247 223 106
247 223 106
247 223 106
247 223 105
247 223 102
247 223 102
247 223 102
247 223 101
247 223 101
247 223 100
247 223 100
247 223 99
247 223 98
247 223 98
247 223 97
247 223 95
247 223 96
247 223 96
247 223 95
247 223 94
247 223 94
247 223 93
247 223 93
247 223 92
247 223 91
247 223 91
247 223 90
247 223 91
247 223 90
247 223 89
247 223 88
247 223 89
247 223 88
247 223 87
247 223 86
247 223 86
247 223 85
247 223 85
247 223 85
247 223 85
247 223 84
247 223 82
247 223 83
247 223 81
247 223 81
247 223 80
247 223 79
247 223 79
247 223 78
247 223 78
247 223 77
247 223 77
247 223 77
247 223 76
247 223 75
247 223 75
247 223 74
247 223 74
247 223 73
247 223 73
247 223 72
247 223 72
247 223 71
247 223 71
247 223 71
247 223 70
247 223 69
247 223 68
247 223 69
247 223 67
247 223 66
247 223 66
247 223 65
247 223 65
247 223 64
247 223 65
247 223 64
247 223 63
247 223 62
247 223 63
247 223 62
247 223 60
247 223 60
247 223 60
247 223 59
247 223 57
247 223 58
247 223 56
247 223 56
247 223 56
247 223 55
247 223 53
247 223 54
247 223 52
247 223 52
247 223 52
247 223 51
247 223 49
247 223 50
247 223 49
247 223 50
247 223 49
247 223 48
247 223 47
247 223 48
247 223 46
247 223 45
247 223 46
247 223 45
247 223 44
247 223 43
247 223 42
247 223 42
247 223 41
247 223 41
247 223 40
247 223 40
247 223 39
247 223 39
247 223 38
247 223 37
247 223 37
247 223 35
247 223 36
247 223 34
247 223 35
247 223 32
247 223 34
247 223 31
247 223 33
247 223 29
247 223 32
247 223 28
247 223 30
247 223 27
247 223 29
247 223 26
247 223 28
247 223 24
247 223 27
247 223 23
247 223 26
247 223 22
247 223 25
247 223 20
247 223 24
247 223 19
247 223 23
247 223 18
247 223 21
247 223 17
247 223 21
247 223 16
247 223 16
247 223 16
247 223 16
247 223 16
247 223 16
247 223 16
247 223 16
247 223 16
247 223 16
247 223 16
247 223 16
247 223 15
247 223 15
247 223 15
247 223 15
247 223 15
247 223 15
247 223 15
247 223 15
247 223 14
247 223 13
247 223 13
247 223 13
247 223 13
247 223 13
247 223 13
247 223 13
247 223 13
247 223 13
247 223 13
247 223 13
247 223 13
247 223 13
247 223 13
247 223 14
247 223 14
247 223 14
247 223 14
247 223 14
247 223 14
247 223 15
247 223 16
247 223 16
247 223 17
247 223 17
247 223 17
247 223 18
247 223 20
247 223 19
247 223 21
247 223 20
247 223 22
247 223 22
247 223 22
247 223 23
247 223 23
247 223 24
247 223 24
247 223 25
247 223 26
247 223 26
247 223 27
247 223 27
247 223 29
247 223 28
247 223 30
247 223 28
247 223 31
247 223 32
247 223 32
247 223 33
247 223 33
247 223 34
247 223 34
247 223 35
247 223 36
247 223 36
247 223 37
247 223 37
247 223 38
247 223 38
247 223 38
247 223 38
247 223 38
247 223 38
247 223 39
247 223 40
247 223 41
247 223 41
247 223 43
247 223 42
247 223 42
247 223 43
247 223 44
247 223 44
247 223 45
247 223 45
247 223 47
247 223 47
247 223 48
247 223 49
247 223 49
247 223 51
247 223 50
247 223 52
247 223 52
247 223 53
247 223 54
247 223 54
247 223 55
247 223 56
247 223 56
247 223 58
247 223 57
247 223 60
247 223 58
247 223 61
247 223 60
247 223 62
247 223 62
247 223 64
247 223 63
247 223 66
247 223 64
247 223 68
247 223 66
247 223 69
247 223 68
247 223 70
247 223 68
247 223 70
247 223 70
247 223 70
247 223 70
247 223 70
247 223 70
247 223 70
247 223 70
247 223 70
247 223 70
247 223 70
247 223 70
247 223 70
247 223 70
247 223 70
247 223 70
247 223 70
247 223 70
247 223 70
247 223 70
247 223 70
237 4 70
237 4 70
237 4 69
237 4 68
237 4 67
237 4 65
237 4 67
237 4 65
237 4 64
237 4 62
237 4 62
237 4 62
237 4 61
237 4 59
237 4 60
237 4 60
237 4 59
237 4 58
237 4 58
237 4 58
237 4 57
237 4 55
237 4 57
237 4 53
237 4 52
237 4 52
237 4 52
237 4 52
237 4 51
237 4 50
237 4 51
237 4 50
237 4 48
237 4 47
237 4 48
237 4 47
237 4 45
237 4 44
237 4 45
237 4 43
237 4 43
237 4 43
237 4 43
237 4 41
237 4 40
237 4 41
237 4 40
237 4 39
237 4 38
237 4 39
237 4 38
237 4 36
237 4 35
237 4 35
237 4 35
237 4 35
237 4 34
237 4 33
237 4 34
237 4 32
237 4 31
237 4 30
237 4 30
237 4 29
237 4 29
237 4 28
237 4 27
237 4 27
237 4 26
237 4 26
237 4 25
237 4 25
237 4 24
237 4 24
237 4 23
237 4 23
237 4 23
237 4 23
237 4 23
237 4 23
237 4 23
237 4 23
237 4 23
237 4 24
237 4 25
237 4 26
237 4 26
237 4 27
237 4 27
237 4 28
237 4 29
237 4 29
237 4 30
237 4 30
237 4 30
237 4 31
237 4 32
237 4 32
237 4 32
237 4 31
237 4 30
237 4 29
237 4 28
237 4 27
237 4 26
237 4 25
237 4 25
237 4 25
237 4 24
237 4 23
237 4 24
237 4 24
237 4 25
237 4 26
237 4 27
237 4 28
237 4 28
237 4 30
237 4 29
237 4 32
237 4 30
237 4 32
237 4 30
237 4 30
237 4 30
237 4 30
237 4 31
237 4 32
237 4 33
237 4 33
237 4 34
237 4 34
237 4 35
237 4 36
237 4 36
237 4 36
237 4 36
237 4 38
237 4 39
237 4 39
237 4 39
237 4 39
237 4 40
237 4 42
237 4 41
237 4 41
237 4 42
237 4 42
237 4 43
237 4 44
237 4 44
237 4 45
237 4 45
237 4 46
237 4 47
237 4 47
237 4 47
237 4 49
237 4 50
237 4 50
237 4 51
237 4 51
237 4 52
237 4 53
237 4 53
237 4 54
237 4 54
237 4 54
237 4 55
237 4 55
237 4 57
237 4 58
237 4 58
237 4 58
237 4 59
237 4 60
237 4 60
237 4 60
237 4 61
237 4 62
237 4 62
237 4 63
237 4 63
237 4 64
237 4 64
237 4 65
237 4 65
237 4 66
237 4 67
237 4 67
237 4 68
237 4 68
237 4 68
237 4 68
237 4 69
237 4 70
237 4 70
237 4 70
237 4 70
237 4 71
237 4 73
237 4 72
237 4 74
237 4 74
237 4 74
237 4 74
237 4 74
237 4 74
237 4 74
237 4 75
237 4 76
237 4 77
237 4 77
237 4 78
237 4 79
237 4 80
237 4 80
237 4 81
237 4 81
237 4 82
237 4 82
237 4 83
237 4 83
237 4 85
237 4 84
237 4 86
237 4 85
237 4 87
237 4 86
237 4 89
237 4 87
237 4 90
237 4 88
237 4 91
237 4 89
237 4 93
237 4 90
237 4 94
237 4 91
237 4 96
237 4 92
237 4 96
237 4 92
237 4 92
237 4 92
237 4 92
237 4 93
237 4 94
237 4 95
237 4 96
237 4 96
237 4 97
237 4 98
237 4 98
237 4 100
237 4 99
237 4 101
237 4 100
237 4 102
237 4 102
237 4 102
237 4 103
237 4 104
237 4 104
237 4 105
237 4 105
237 4 106
237 4 106
237 4 107
237 4 107
237 4 107
237 4 109
237 4 110
237 4 110
237 4 111
237 4 111
237 4 112
237 4 113
237 4 113
237 4 114
237 4 115
237 4 115
237 4 115
237 4 116
237 4 117
237 4 118
237 4 118
237 4 118
237 4 119
237 4 120
237 4 120
237 4 120
237 4 122
237 4 123
237 4 123
237 4 124
237 4 124
237 4 124
237 4 124
237 4 124
237 4 124
237 4 125
237 4 125
237 4 125
237 4 125
237 4 126
237 4 127
237 4 127
237 4 128
237 4 128
237 4 130
237 4 129
237 4 131
237 4 131
237 4 132
237 4 132
237 4 133
237 4 133
237 4 134
237 4 134
237 4 134
237 4 134
237 4 136
237 4 137
237 4 137
237 4 138
237 4 138
237 4 138
237 4 139
237 4 140
237 4 140
237 4 142
237 4 141
237 4 143
237 4 142
237 4 144
237 4 143
237 4 143
237 4 144
237 4 145
237 4 145
237 4 145
237 4 145
237 4 145
237 4 145
237 4 146
237 4 147
237 4 148
237 4 149
237 4 151
237 4 150
237 4 153
237 4 151
237 4 155
237 4 152
237 4 157
237 4 154
237 4 158
237 4 156
237 4 158
237 4 156
237 4 156
237 4 156
237 4 156
237 4 156
237 4 155
237 4 154
237 4 153
237 4 153
237 4 152
237 4 152
237 4 151
237 4 150
237 4 150
237 4 150
237 4 149
237 4 149
237 4 148
237 4 147
237 4 146
237 4 146
237 4 145
237 4 143
237 4 142
237 4 141
237 4 141
237 4 139
237 4 140
237 4 138
237 4 138
237 4 137
237 4 138
237 4 137
237 4 137
237 4 137
237 4 137
237 4 137
237 4 138
237 4 139
237 4 140
237 4 140
237 4 140
237 4 141
237 4 143
237 4 141
237 4 143
237 4 145
237 4 146
237 4 145
237 4 146
237 4 147
237 4 148
237 4 148
237 4 149
237 4 149
237 4 149
237 4 149
237 4 151
237 4 152
237 4 152
237 4 152
237 4 152
237 4 152
237 4 152
167 151 79
45 45 21
51 61 21
73 66 21
77 50 21
97 97 49
75 93 49
76 119 49
113 134 49
115 139 49
75 127 49
145 145 81
