/media/USBSimpleDrive/BigData_Images_and_Others/PhD_Thesis/DCE_MRI/5641445_p1_ok_non-mass_from_mass
-- Lesion 30
242 244 64
245 246 64
248 247 64
249 244 64
251 249 64
251 246 62
251 245 64
251 243 62
244 247 62
245 240 62
249 244 62
250 247 62
250 244 64
250 245 64
248 245 64
248 245 61
250 245 65
245 250 65
244 245 65
241 241 65
246 248 65
247 244 65
250 245 65
247 245 64
244 246 64
250 248 64
252 252 64
251 244 64
250 243 64
248 247 64
-- Background 20 
174 247 45
65 190 45
37 254 45
28 191 45
47 285 45
191 340 45
187 295 45
184 247 45
288 308 45
333 230 45
333 276 60
333 299 120
333 310 16
218 310 39
187 310 129
178 310 79
151 310 38
85 310 24
37 310 103
35 310 28
-- Softtissue 30
220 218 28
220 269 80
220 270 59
220 247 51
220 247 38
213 247 92
138 278 92
150 256 92
145 237 92
127 220 92
120 221 92
117 245 92
116 269 92
103 293 92
90 280 92
83 265 92
94 236 92
108 221 92
100 256 92
114 269 92
125 269 76
142 269 69
138 269 37
244 269 62
250 269 85
217 269 92
221 269 59
233 269 73
245 269 88
245 241 79
-- Chest 30
204 165 56
175 188 56
157 160 56
138 194 56
111 178 56
69 148 56
33 108 56
123 108 22
156 108 66
171 108 96
230 108 15
267 108 20
267 162 137
267 143 102
267 137 40
265 118 40
222 149 40
215 192 40
159 179 40
180 149 40
189 111 40
188 76 40
316 97 40
319 131 40
276 166 40
242 186 40
182 154 40
230 148 40
258 134 40
132 134 69
