/media/USBSimpleDrive/BigData_Images_and_Others/PhD_Thesis/DCE_MRI/5641445_p1_ok_non-mass_from_mass
-- Lesion 30
292 224 39
289 229 39
292 231 39
293 223 39
291 222 39
291 229 35
291 226 37
291 227 42
291 225 39
295 225 44
294 225 42
292 225 40
290 225 36
294 225 45
297 229 45
296 224 45
295 219 45
295 215 45
293 211 45
297 218 45
284 233 53
288 232 53
293 216 53
293 219 53
293 227 42
293 224 37
293 222 43
289 227 43
294 227 43
297 227 43
-- Background 20
151 247 136
155 279 136
170 244 136
232 313 136
293 303 136
321 243 136
321 293 43
321 322 95
321 298 124
321 286 73
167 286 90
165 286 55
138 286 20
43 286 12
24 286 90
224 286 25
324 286 11
181 248 11
156 288 11
63 281 11
-- Softtissue 30
209 234 71
121 244 71
132 265 71
230 265 91
233 265 71
236 265 54
245 250 54
195 193 54
57 263 54
90 263 96
98 263 105
118 263 103
114 263 93
119 235 93
107 207 93
98 242 93
76 232 93
216 222 93
245 248 93
245 248 61
239 241 61
231 233 61
295 227 61
305 183 61
294 178 61
294 212 105
264 225 105
258 211 105
242 205 105
117 224 105
-- Chest 30
146 172 105
96 171 105
74 146 105
151 127 105
164 98 105
190 135 105
201 112 105
23 99 105
34 76 105
333 65 105
336 92 105
277 92 28
216 92 19
99 161 19
123 167 19
126 140 19
182 154 19
226 155 19
266 130 19
196 130 42
182 130 78
135 130 43
108 130 46
84 130 51
100 130 76
43 130 66
70 130 114
70 141 106
70 147 68
70 155 25
