/media/USBSimpleDrive/BigData_Images_and_Others/PhD_Thesis/DCE_MRI/5641445_p1_ok_non-mass_from_mass
-- Lesion 30
98 204 38
102 192 38
94 193 38
95 202 38
98 198 38
98 194 33
98 192 30
98 191 25
98 190 29
98 197 35
93 197 32
94 197 37
98 197 39
98 197 33
95 202 33
99 198 33
99 189 33
95 187 33
90 196 33
93 201 33
93 197 33
93 193 25
93 190 27
98 190 38
100 190 30
97 190 34
97 204 39
97 198 31
97 192 25
93 187 25
-- Background 20 
229 290 25
315 260 25
315 305 75
315 267 137
315 196 58
315 231 64
195 340 64
121 309 64
55 303 64
25 228 64
25 184 64
187 244 64
187 270 40
187 299 130
187 314 41
187 255 47
187 269 80
169 269 26
96 269 26
36 269 113
-- Softtissue 30
252 222 113
120 233 113
127 204 113
103 196 113
122 198 113
240 198 77
208 198 85
274 234 85
269 194 85
251 216 85
243 205 85
222 233 85
224 256 85
204 235 85
141 232 85
134 264 85
124 228 85
104 212 85
87 261 85
87 229 89
87 235 120
87 214 140
87 264 86
212 250 86
253 222 86
255 257 86
255 217 41
255 210 85
255 225 89
255 222 119
-- Chest 30
249 164 119
199 174 119
194 143 119
202 116 119
139 172 119
118 176 119
91 145 119
92 108 119
48 63 119
31 93 119
40 114 119
45 101 119
63 109 119
120 73 119
157 70 119
303 56 119
294 88 119
294 124 41
294 117 71
294 114 112
149 114 72
114 114 32
175 114 82
250 114 37
266 114 61
285 114 88
73 114 119
51 114 92
38 114 123
59 114 147
