/media/USBSimpleDrive/BigData_Images_and_Others/PhD_Thesis/DCE_MRI/8256301_p1_ok
-- Lesion 30
76 202 56
64 219 56
78 233 56
82 240 56
86 244 56
82 256 56
83 267 56
80 271 56
84 265 56
83 239 56
78 234 56
87 265 58
82 272 58
87 262 58
83 256 58
87 271 58
87 265 58
82 272 58
87 262 58
83 256 58
68 216 51
68 221 48
68 229 46
68 241 33
68 250 37
68 251 42
68 255 34
68 259 37
68 244 31
68 229 49
-- Background 20
175 317 49
182 291 49
173 291 105
230 291 63
264 291 28
305 291 113
198 257 113
181 288 113
100 253 113
64 300 113
64 331 69
64 319 106
64 275 123
64 237 131
64 274 104
64 311 72
64 329 32
266 277 32
311 305 32
223 305 68
-- Softtissue 30
117 226 68
101 237 68
71 250 68
52 237 68
51 222 68
134 237 68
134 263 56
123 227 56
105 215 56
92 204 56
50 231 56
41 219 56
49 208 56
114 208 64
125 208 68
132 208 62
117 208 73
105 208 82
118 222 82
121 239 82
99 239 70
144 239 35
146 239 51
130 265 51
126 285 51
53 271 51
53 253 51
46 240 51
42 216 51
49 210 51
-- Chest 30
220 130 56
206 116 56
185 93 56
149 109 56
125 114 56
199 114 49
187 114 68
187 151 86
187 133 90
96 135 90
60 101 90
24 99 90
50 107 90
184 97 90
209 87 90
152 100 90
316 85 90
311 58 90
294 91 90
224 91 28
188 91 64
193 91 50
143 91 66
105 91 44
95 91 33
50 91 95
42 91 46
97 91 81
137 91 100
192 91 90
