/media/USBSimpleDrive/BigData_Images_and_Others/PhD_Thesis/DCE_MRI/5641445_p1_ok_non-mass_from_mass
-- Lesion 30
86 247 51
86 232 51
83 228 51
84 249 51
87 249 85
87 235 96
87 229 105
87 226 51
87 237 93
79 221 93
74 240 93
82 234 93
82 228 93
84 228 72
82 228 62
82 228 78
82 219 89
82 215 95
82 227 73
82 230 54
82 236 53
82 241 71
82 241 86
86 234 86
89 234 86
83 228 86
82 228 66
85 228 67
85 236 92
85 235 87
-- Background 20 
241 274 147
201 245 147
93 307 147
55 262 147
193 262 20
181 262 82
182 262 116
203 262 141
292 262 140
323 262 141
323 262 54
323 287 47
323 298 124
323 217 68
183 311 68
33 291 68
26 242 68
29 203 68
332 213 68
326 268 68
-- Soft tissue 30
107 247 68
223 245 68
227 276 68
231 266 68
123 270 68
98 283 68
142 236 68
269 218 68
295 221 68
294 190 68
244 227 68
227 230 68
208 214 68
208 231 67
208 224 97
208 231 58
103 255 58
97 248 58
145 216 58
204 224 58
232 224 91
109 224 115
101 224 86
114 214 86
210 212 86
215 251 86
225 220 86
260 212 86
260 246 48
260 259 66
-- Chest 30
154 132 66
120 154 66
132 190 66
100 184 66
59 145 66
42 122 66
231 193 66
175 193 117
175 151 85
175 140 45
179 140 81
109 140 64
165 140 27
270 140 27
304 140 82
304 117 108
153 117 100
73 117 123
56 117 119
50 117 59
76 117 21
168 117 105
218 117 38
267 117 39
319 117 81
311 117 118
177 149 118
149 145 118
157 158 118
182 122 118
